4294967293,131
4294967293,130
4294967293,129
4294967293,128
4294967293,127
4294967293,126
4294967293,125
4294967293,124
4294967293,123
4294967293,122
4294967293,121
4294967293,120
4294967293,119
4294967293,118
4294967293,117
4294967293,116
4294967293,115
4294967293,114
4294967293,113
4294967293,112
4294967293,111
4294967293,110
4294967293,109
4294967293,108
4294967293,107
4294967293,106
4294967293,105
4294967293,104
4294967293,103
4294967293,102
4294967293,101
4294967293,100
4294967293,99
4294967293,98
4294967293,97
4294967293,96
4294967293,95
4294967293,94
4294967293,93
4294967293,92
4294967293,91
4294967293,90
4294967293,89
4294967293,88
4294967293,87
4294967293,86
4294967293,85
4294967293,84
4294967293,83
4294967293,82
4294967293,81
4294967293,80
4294967293,79
4294967293,78
4294967293,77
4294967293,76
4294967293,75
4294967293,74
4294967293,73
4294967293,72
4294967293,71
4294967293,70
4294967293,69
4294967293,68
4294967293,67
4294967293,66
4294967293,65
4294967293,64
4294967293,63
4294967293,62
4294967293,61
4294967293,60
4294967293,59
4294967293,58
4294967293,57
4294967293,56
4294967293,55
4294967293,54
4294967293,53
4294967293,52
4294967293,51
4294967293,50
4294967293,49
4294967293,48
4294967293,47
4294967293,46
4294967293,45
4294967293,44
4294967293,43
4294967293,42
4294967293,41
4294967293,40
4294967293,39
4294967293,38
4294967293,37
4294967293,36
4294967293,35
4294967293,34
4294967293,33
4294967293,32
4294967293,31
4294967293,30
4294967293,29
4294967293,28
4294967293,27
4294967293,26
4294967293,25
4294967293,24
4294967293,23
4294967293,22
4294967293,21
4294967293,20
4294967293,19
4294967293,18
4294967293,17
4294967293,16
4294967293,15
4294967293,14
4294967293,13
4294967293,12
4294967293,11
4294967293,10
4294967293,9
4294967293,8
4294967293,7
4294967293,6
4294967293,5
4294967293,4
4294967293,3
4294967293,2
4294967293,0
4294967278,58
4294967278,400
4294967278,57
4294967278,227
4294967278,399
4294967278,56
4294967278,354
4294967278,398
4294967278,55
4294967278,397
4294967278,154
4294967278,54
4294967278,156
4294967278,194
4294967278,53
4294967278,353
4294967278,223
4294967278,52
4294967278,318
4294967278,193
4294967278,51
4294967278,306
4294967278,394
4294967278,50
4294967278,352
4294967278,192
4294967278,49
4294967278,220
4294967278,392
4294967278,48
4294967278,391
4294967278,47
4294967278,340
4294967278,160
4294967278,46
4294967278,316
4294967278,159
4294967278,45
4294967278,331
4294967278,205
4294967278,44
4294967278,374
4294967278,390
4294967278,43
4294967278,169
4294967278,388
4294967278,42
4294967278,362
4294967278,385
4294967278,41
4294967278,315
4294967278,158
4294967278,40
4294967278,338
4294967278,219
4294967278,39
4294967278,266
4294967278,216
4294967278,38
4294967278,157
4294967278,133
4294967278,37
4294967278,337
4294967278,155
4294967278,36
4294967278,361
4294967278,275
4294967278,35
4294967278,314
4294967278,273
4294967278,34
4294967278,336
4294967278,272
4294967278,33
4294967278,360
4294967278,150
4294967278,32
4294967278,313
4294967278,271
4294967278,31
4294967278,373
4294967278,270
4294967278,30
4294967278,333
4294967278,269
4294967278,29
4294967278,312
4294967278,268
4294967278,28
4294967278,359
4294967278,138
4294967278,27
4294967278,358
4294967278,26
4294967278,244
4294967278,25
4294967278,372
4294967278,149
4294967278,24
4294967278,282
4294967278,146
4294967278,23
4294967278,311
4294967278,145
4294967278,22
4294967278,217
4294967278,144
4294967278,21
4294967278,281
4294967278,142
4294967278,20
4294967278,389
4294967278,141
4294967278,19
4294967278,278
4294967278,140
4294967278,18
4294967278,280
4294967278,215
4294967278,17
4294967278,135
4294967278,16
4294967278,277
4294967278,134
4294967278,15
4294967278,351
4294967278,307
4294967278,14
4294967278,357
4294967278,305
4294967278,13
4294967278,166
4294967278,165
4294967278,12
4294967278,262
4294967278,301
4294967278,11
4294967278,371
4294967278,213
4294967278,10
4294967278,259
4294967278,180
4294967278,9
4294967278,322
4294967278,179
4294967278,8
4294967278,350
4294967278,178
4294967278,7
4294967278,309
4294967278,211
4294967278,6
4294967278,321
4294967278,209
4294967278,5
4294967278,234
4294967278,274
4294967278,4
4294967278,3
4294967279,169
4294967279,132
4294967279,168
4294967279,131
4294967279,301
4294967279,238
4294967279,130
4294967279,250
4294967279,129
4294967279,448
4294967279,449
4294967279,128
4294967279,227
4294967279,247
4294967279,127
4294967279,548
4294967279,225
4294967279,126
4294967279,520
4294967279,166
4294967279,125
4294967279,556
4294967279,158
4294967279,124
4294967279,299
4294967279,244
4294967279,123
4294967279,541
4294967279,298
4294967279,122
4294967279,297
4294967279,171
4294967279,121
4294967279,295
4294967279,120
4294967279,281
4294967279,241
4294967279,119
4294967279,202
4294967279,118
4294967279,150
4294967279,194
4294967279,117
4294967279,200
4294967279,149
4294967279,116
4294967279,540
4294967279,266
4294967279,115
4294967279,518
4294967279,264
4294967279,114
4294967279,296
4294967279,263
4294967279,113
4294967279,162
4294967279,262
4294967279,112
4294967279,517
4294967279,261
4294967279,111
4294967279,192
4294967279,181
4294967279,110
4294967279,567
4294967279,199
4294967279,109
4294967279,235
4294967279,256
4294967279,108
4294967279,232
4294967279,511
4294967279,107
4294967279,555
4294967279,106
4294967279,230
4294967279,509
4294967279,105
4294967279,516
4294967279,508
4294967279,104
4294967279,566
4294967279,198
4294967279,103
4294967279,224
4294967279,165
4294967279,102
4294967279,197
4294967279,101
4294967279,220
4294967279,504
4294967279,100
4294967279,218
4294967279,503
4294967279,99
4294967279,216
4294967279,236
4294967279,98
4294967279,214
4294967279,164
4294967279,97
4294967279,233
4294967279,151
4294967279,96
4294967279,210
4294967279,163
4294967279,95
4294967279,161
4294967279,94
4294967279,231
4294967279,206
4294967279,93
4294967279,515
4294967279,229
4294967279,92
4294967279,300
4294967279,91
4294967279,529
4294967279,90
4294967279,457
4294967279,89
4294967279,87
4294967279,528
4294967279,86
4294967279,513
4294967279,85
4294967279,539
4294967279,84
4294967279,527
4294967279,83
4294967279,564
4294967279,82
4294967279,512
4294967279,81
4294967279,526
4294967279,80
4294967279,563
4294967279,79
4294967279,319
4294967279,78
4294967279,525
4294967279,223
4294967279,77
4294967279,524
4294967279,76
4294967278,228
4294967278,195
4294967278,162
4294967278,221
4294967278,229
4294967278,365
4294967278,231
4294967278,62
4294967278,232
4294967278,63
4294967278,236
4294967278,64
4294967278,238
4294967278,65
4294967278,324
4294967278,66
4294967278,67
4294967278,366
4294967278,283
4294967278,247
4294967278,375
4294967278,249
4294967278,342
4294967278,250
4294967278,72
4294967278,253
4294967278,73
4294967278,343
4294967278,368
4294967278,75
4294967278,325
4294967278,197
4294967278,151
4294967278,344
4294967278,79
4294967278,286
4294967278,345
4294967278,82
4294967278,83
4294967278,287
4294967278,347
4294967278,85
4294967278,86
4294967278,87
4294967278,327
4294967278,164
4294967278,90
4294967278,91
4294967278,92
4294967278,202
4294967278,93
4294967278,203
4294967278,94
4294967278,198
4294967278,95
4294967278,210
4294967278,96
4294967278,212
4294967278,97
4294967278,214
4294967278,434
4294967278,201
4294967278,435
4294967278,218
4294967278,225
4294967278,437
4294967278,222
4294967278,163
4294967278,224
4294967278,439
4294967278,226
4294967278,440
4294967278,105
4294967278,441
4294967278,106
4294967278,442
4294967278,107
4294967278,265
4294967278,108
4294967278,329
4294967278,109
4294967278,235
4294967278,110
4294967278,237
4294967278,446
4294967278,239
4294967278,240
4294967278,447
4294967278,264
4294967278,114
4294967278,242
4294967278,115
4294967278,279
4294967278,116
4294967278,294
4294967278,117
4294967278,175
4294967278,118
4294967278,349
4294967278,119
4294967278,298
4294967278,293
4294967278,204
4294967278,295
4294967278,308
4294967278,296
4294967278,123
4294967278,297
4294967278,124
4294967278,246
4294967278,125
4294967278,376
4294967278,126
4294967278,332
4294967278,127
4294967278,320
4294967278,128
4294967294,1479
4294967294,1476
4294967294,188
4294967294,1427
4294967294,970
4294967294,33
4294967294,34
4294967294,36
4294967294,37
4294967294,39
4294967294,1444
4294967294,351
4294967294,1512
4294967294,327
4294967294,1530
4294967294,321
4294967294,1433
4294967294,1465
4294967294,41
4294967294,1535
4294967294,1514
4294967294,326
4294967294,1461
4294967294,1428
4294967294,43
4294967294,44
4294967294,184
4294967294,1434
4294967294,1423
4294967294,1493
4294967294,1451
4294967294,1508
4294967294,68
4294967294,70
4294967294,72
4294967294,73
4294967294,76
4294967294,172
4294967294,967
4294967294,979
4294967294,152
4294967294,1421
4294967294,1504
4294967294,78
4294967294,79
4294967294,81
4294967294,87
4294967294,88
4294967294,89
4294967294,91
4294967294,93
4294967294,94
4294967294,96
4294967294,156
4294967294,97
4294967294,151
4294967294,99
4294967294,100
4294967294,101
4294967294,102
4294967294,105
4294967294,185
4294967294,107
4294967294,108
4294967294,397
4294967294,392
4294967294,337
4294967294,1558
4294967294,1562
4294967294,334
4294967294,180
4294967294,1449
4294967294,1513
4294967294,1439
4294967294,181
4294967294,341
4294967294,1499
4294967294,187
4294967294,1413
4294967294,1417
4294967294,1450
4294967294,1456
4294967294,322
4294967294,377
